#    0.000   0.000   0.000 ;Mean Elev.(m), Avg Gradient(m/km), RMS Gradient(m/km) - SRTM1     
#    0.000   0.000   0.000 ;Mean Elev.(m), Avg Gradient(m/km), RMS Gradient(m/km) - ASTER GDEM
#    7.585   0.190   6.641 ;Mean Elev.(m), Avg Gradient(m/km), RMS Gradient(m/km) - GMTED2010 
  8 308.240110   3.988307     1.761     1.660  3 52497.05884937 52.606
  9 308.235141   3.983209     0.156     0.171  4 52532.05883511 51.219
 10 308.241055   3.989490     0.327     0.327  2 52567.05885923 43.310
 11 308.234317   3.981470     1.390     1.416  4 52602.05886404 49.091
 12 308.235128   3.983997    -0.843    -0.876  4 52637.05883204 51.323
 13 308.236717   3.984349     0.912     0.912  3 52672.05883565 44.991
 14 308.237711   3.988040     1.607     1.679  3 52707.05883792 52.442
 15 308.234288   3.982992    -0.299    -0.369  3 52742.05886854 20.315
 16 308.240833   3.988123     1.751     1.726  3 52777.05881140 50.059
 17 308.234796   3.982253     0.495     0.493  4 52812.05888939 52.443
 18 308.236468   3.984984     0.056     0.004  3 52847.05894455 50.428
 19 308.235190   3.983628     1.957     1.981  3 52882.05898087 42.700
 20 308.239716   3.987020    -0.506    -0.574  3 52917.05893834 50.635
 21 308.241562   3.988569     0.080     0.059  3 52952.05889978 24.955
 22 308.243751   3.992737     1.693     1.693  2 52987.05891594 51.234
 23 308.241529   3.989193    -0.217    -0.217  2 53022.05890423 48.295
 24 308.242580   3.992225     1.612     1.540  3 53057.05889638 49.440
 25 308.231496   3.980018     1.366     1.372  3 53092.05893191 53.326
 26 308.239869   3.988548     0.356     0.356  2 53127.05890430 42.302
 27 308.232919   3.979510     1.850     1.826  4 53162.05896642 51.100
 28 308.238603   3.987616     0.090     0.090  2 53197.05896688 53.535
 29 308.243387   3.990884     0.590     0.677  3 53232.05894669 51.833
 30 308.237160   3.984944     2.287     2.387  3 53267.05891477 49.405
 32 308.237176   3.985914     0.867     0.853  3 53337.05893853 45.922
 33 308.239741   3.988497     1.314     1.314  2 53372.05887450 53.525
 35 308.238073   3.987386     2.063     2.073  3 53442.05889705 52.162
 36 308.233254   3.980378     2.371     1.694  4 53477.05896589 12.663
 37 308.236918   3.986166     0.597     0.559  3 53512.05897973 50.713
 38 308.233513   3.982474     1.908     2.005  4 53547.05899670 51.719
 39 308.237799   3.985867    -0.460    -0.508  3 53582.05896740 49.658
 40 308.235483   3.983896     0.782     0.778  4 53617.05892256 40.607
 41 308.237758   3.986570     1.778     1.757  3 53652.05894006 52.229
 42 308.234343   3.982431    -0.564    -0.579  4 53687.05894308 32.656
 43 308.240465   3.987874     1.199     1.171  3 53722.05886950 42.808
 44 308.243577   3.991612     1.590     1.594  3 53757.05880231 52.310
 45 308.241211   3.989185     0.293     0.267  3 53792.05882694 51.262
 46 308.241242   3.988814     1.950     1.950  2 53827.05879154 52.800
 47 308.234628   3.983499     0.257     0.216  3 53862.05887849 49.835
 48 308.238012   3.987411     0.667     0.667  2 53897.05890043 52.675
 50 308.232900   3.979937    -0.193    -0.185  4 53967.05892315 50.185
 51 308.239481   3.987524     0.835     0.796  3 54002.05888852 25.173
 52 308.239718   3.988351     1.518     1.518  2 54037.05892732 48.992
 53 308.238990   3.987183    -0.056    -0.018  3 54072.05892106 50.002
 54 308.237310   3.985488     1.641     1.541  3 54107.05887107 50.590
 55 308.237118   3.985776     0.237     0.234  3 54142.05885570 46.269
 56 308.236947   3.987226     0.768     0.793  3 54177.05885354 40.687
 57 308.236393   3.985314     2.044     2.050  3 54212.05886239 52.582
 58 308.237048   3.985662    -0.078    -0.258  3 54247.05889228 52.048
 60 308.238914   3.988750     1.716     1.766  3 54317.05890060 52.078
 61 308.238493   3.986157     0.141     0.143  3 54352.05886645 51.781
 62 308.238522   3.987184     1.318     1.374  3 54387.05883971 45.871
 63 308.237338   3.987201     0.663     0.666  3 54422.05881622 51.704
 64 308.238413   3.986131     0.239     0.244  3 54457.05881292 52.703
 65 308.238625   3.987386     2.504     2.504  2 54492.05881855 52.813
 66 308.239157   3.987980     0.017     0.017  2 54527.05882590 52.102
 67 308.237489   3.986775     1.167     1.216  3 54562.05882665 43.338
 68 308.237633   3.984851     1.552     1.577  3 54597.05882172 50.180
 69 308.236561   3.985570     0.082     0.039  3 54632.05883506 53.256
 70 308.236566   3.984116     1.236     1.271  3 54667.05884049 51.821
 71 308.239100   3.987687     1.203     1.293  3 54702.05880850 50.583
 72 308.237080   3.987901     0.330     0.355  3 54737.05880191 52.308
 73 308.238773   3.988022     1.496     1.392  3 54772.05878883 50.323
 74 308.236475   3.986095     0.003     0.027  3 54807.05879468 52.513
 75 308.238062   3.986846     0.863     0.863  2 54842.05878551 47.946
 76 308.236274   3.986876     1.988     1.960  3 54877.05879689 51.423
 77 308.236921   3.984117    -0.411    -0.396  3 54912.05878939 50.771
 78 308.236067   3.984220     0.989     0.952  3 54947.05878924 45.304
 79 308.236532   3.984025     0.779     0.680  3 54982.05881520 47.444
 80 308.237728   3.986624     0.146     0.146  2 55017.05881500 51.966
 81 308.238308   3.988116     1.431     1.323  3 55052.05881049 48.819
 82 308.237224   3.987054     0.337     0.249  3 55087.05877432 36.127
 83 308.238678   3.987325     0.472     0.472  2 55122.05874490 40.871
 84 308.237240   3.984713     1.653     1.667  3 55157.05873366 51.996
 85 308.236536   3.987508    -0.664    -0.646  3 55192.05873481 52.055
 86 308.237228   3.985548     1.555     1.480  3 55227.05873507 18.912
 87 308.238222   3.987488     1.279     1.279  2 55262.05872982 51.486
 89 308.235916   3.985879     1.586     1.560  3 55332.05871027 53.173
 90 308.238181   3.986995     0.896     0.896  2 55367.05870243 52.607
 91 308.237551   3.986236     0.758     0.748  3 55402.05871633 50.077
 92 308.239064   3.987820     1.851     1.822  3 55437.05872036 52.115
 93 308.238308   3.988400     0.161     0.132  3 55472.05867052 51.332
